 $RESULT
SFE_SC= 64946.70895 !(J/mol)
  SFEC_SC(0)= 225232.23273
  SFEC_SC(1)= -160285.52378

SFE_SC_HNC= 77631.42548 !(J/mol)
  SFEC_SC_HNC(0)= 225232.23273
  SFEC_SC_HNC(1)= -160285.52378

SFE_GF= 38296.30517 !(J/mol)
  SFEC_GF(0)= 213595.33419
  SFEC_GF(1)= -175299.02902

SE= -63482.92886 !(J/mol)
  SEC(0)= 42968.94681
  SEC(1)= -106451.87568

PMV= 0.07647 !(L/mol)
Pressure= 1164015832.87831 !(J/m^3)
Correction_Term= -89014.34300 !(J/mol)
 $END
