 $RESULT
SFE_SC= 78299.86897 !(J/mol)
  SFEC_SC(0)= 106835.29894
  SFEC_SC(1)= -28535.42996

SFE_SC_HNC= 90445.86624 !(J/mol)
  SFEC_SC_HNC(0)= 106835.29894
  SFEC_SC_HNC(1)= -28535.42996

SFE_GF= 51929.43366 !(J/mol)
  SFEC_GF(0)= 95013.59527
  SFEC_GF(1)= -43084.16161

SE= -36625.80742 !(J/mol)
  SEC(0)= -30104.11658
  SEC(1)= -6521.69084

PMV= 0.07676 !(L/mol)
Pressure= 1164015832.87831 !(J/m^3)
Correction_Term= -89353.37758 !(J/mol)
 $END
